410402199508313000
32100019950411165X
45102119951201325X
513227199512058000
110116199504168000
610922199510048000
420922199510304000
654326199501059000
220381199511296000
532624199501045000
510304199504073000
141081199511067000
632525199506270000
433100199502168000
140221199505166000
130984199503111000
140600199512285000
511524199505101000
370724199509010000
632121199510203000
371202199504133000
440811199510182000
45020319950323084X
500234199505306000
42030019950716801X
371625199505146000
421100199501312000
330212199502261000
370830199512178000
411602199508201000
411600199502131000
130131199507039000
431230199508274000
500107199510284000
320103199508166000
371525199506042000
210882199511295000
35082119950904752X
350304199508260000
511425199503128000
420822199510258000
130600199506116000
320831199503013000
654225199505169000
130404199504264000
530112199501083000
44132319951016609X
22030319951125668X
130929199510097000
320703199508154000
220221199503037000
433100199504129000
130630199503023000
533100199509284000
441623199506213000
35080219950414791X
542430199511195000
410381199502058000
431221199504062000
131100199512168000
360782199506281000
131000199510109000
350783199506283000
610632199507153000
610429199511157000
441781199507021000
360425199512125000
640181199510308000
653127199507208000
522325199503181000
340802199501280000
510626199509081000
511421199512203000
330600199503101000
211224199507286000
140581199506167000
441702199502034000
632123199503129000
42120019950830711X
445122199509277000
53332119950614880X
230713199508204000
130283199502098000
330109199511085000
61092719950915674X
610303199506160000
422825199501040000
331122199512230000
533324199506305000
360102199510185000
411724199510015000
320324199506097000
210881199505168000
32010319950329622X
610126199507308000
140525199504249000
451028199503085000
533123199508300000
530500199506090000
411222199505292000
522326199508275000
371426199510153000
511681199503179000
411102199501100000
410727199505213000
430611199505234000
420324199504019000
510522199502022000
330521199509200000
420804199504282000
500113199501153000
451228199509261000
320582199509238000
231182199506271000
620104199512074000
130432199511189000
450330199512071000
130622199509282000
360825199512155000
450303199508134000
150726199512046000
410205199511265000
430525199501121000
230203199502106000
511322199506193000
610626199511148000
411625199507292000
632823199508283000
500233199502257000
445281199503281000
220102199506179000
222401199507047000
330683199503140000
430503199505187000
421224199504272000
511700199511305000
542127199511218000
360313199505018000
450503199511020000
150626199504049000
341124199512302000
331181199510062000
350429199509066000
131121199508205000
430521199509052000
230522199507263000
45102719951004718X
130302199501132000
610700199502181000
620521199511063000